0
0.302032
-0.0475769
0.248077
0.53772
0.169952
0.442352
0.704559
0.305969
0.545197
0.773224
0.340424
0.546478
0.743622
0.283051
0.465271
0.643372
0.168854
0.34256
0.517761
0.0456848
0.226776
0.414001
-0.0423279
0.15744
0.365448
-0.0692139
0.15213
0.380737
-0.0354004
0.201508
0.442078
0.0336609
0.273529
0.51239
0.09729
0.325836
0.549225
0.115021
0.321503
0.520935
0.0617065
0.243103
0.41861
-0.0625305
0.0999451
0.260559
-0.230957
-0.073761
0.0871582
-0.398438
-0.229797
-0.052002
-0.515991
-0.321625
-0.114716
-0.547302
-0.320313
-0.0804749
-0.481171
-0.224487
0.0419922
-0.336182
-0.0618896
0.216797
-0.155212
0.119049
0.391602
0.00750732
0.264069
0.51416
0.103455
0.3302
0.548492
0.10495
0.29895
0.48587
0.0132141
0.181396
0.346741
-0.1427
0.0138855
0.17337
-0.316376
-0.154602
0.0152588
-0.459503
-0.278961
-0.0871277
-0.537933
-0.332397
-0.115479
-0.542297
-0.314789
-0.0786743
-0.48996
-0.251221
-0.00842285
-0.417877
-0.18222
0.0529785
-0.368408
-0.148407
0.0683289
-0.373596
-0.175293
0.0198059
-0.442841
-0.263306
-0.0838928
-0.558533
-0.386505
-0.209503
-0.681183
-0.500793
-0.309814
-0.762421
-0.558289
-0.339508
-0.761169
-0.523987
-0.270905
-0.658356
-0.388153
-0.104187
-0.464142
-0.170715
0.13147
-0.216003
0.0837097
0.385986
0.032196
0.319397
0.603577
0.226563
0.486237
0.739655
0.32959
0.554993
0.774231
0.331024
0.525421
0.716919
0.249939
0.42514
0.602753
0.127289
0.2995
0.479584
0.0115356
0.195648
0.39151
-0.0578003
0.146942
0.364563
-0.0631104
0.16214
0.398346
-0.0137329
0.223389
0.467377
0.0583496
0.29364
0.531036
0.110748
0.330505
0.548828
0.106537
0.302216
0.495575
0.0282593
0.199921
0.371399
-0.114777
0.0418396
0.203003
-0.288422
-0.131622
0.0354919
-0.444458
-0.270905
-0.0821228
-0.536346
-0.333771
-0.113525
-0.535034
-0.299683
-0.0475159
-0.43924
-0.177307
0.0974426
-0.276642
-0.00262451
0.278381
-0.0956421
0.17218
0.441132
0.049469
0.294739
0.53717
0.115784
0.329132
0.538757
0.0846558
0.266541
0.447144
-0.0327454
0.127411
0.291229
-0.200165
-0.04599
0.117554
-0.368652
-0.204193
-0.0256042
-0.493011
-0.306702
-0.104126
-0.546478
-0.335205
-0.108551
-0.52887
-0.298492
-0.0562439
-0.465271
-0.228302
0.0158386
-0.39621
-0.166931
0.0653381
-0.362274
-0.151581
0.0602112
-0.389038
-0.200073
-0.00897217
-0.476929
-0.303802
-0.124634
-0.600098
-0.429474
-0.247314
-0.714325
-0.529877
-0.328613
-0.771881
-0.559723
-0.327454
-0.73761
-0.491272
-0.224731
-0.601807
-0.324677
-0.0305786
-0.384399
-0.0891418
0.217529
-0.129913
0.165314
0.465729
0.105865
0.382904
0.660187
0.272858
0.519073
0.763306
0.341766
0.55365
0.764832
0.312317
0.496368
0.683807
0.212189
0.382202
0.561188
0.0865784
0.258942
0.445404
-0.0172729
0.170776
0.376007
-0.065979
0.143707
0.370605
-0.0507813
0.177368
0.419952
0.010498
0.246338
0.492035
0.0808105
0.309967
0.544464
0.117767
0.327759
0.540344
0.0896301
0.274536
0.462128
-0.0125427
0.150391
0.319122
-0.170532
-0.0180664
0.145477
-0.343933
-0.185638
-0.0105591
-0.483246
-0.303406
-0.102539
-0.546143
-0.33493
-0.101349
-0.512085
-0.269073
-0.00561523
-0.38974
-0.124237
0.156952
-0.215027
0.0566711
0.337921
-0.0401611
0.219391
0.483124
0.08255
0.31546
0.5495
0.117096
0.317108
0.518494
0.054657
0.225494
0.401154
-0.0843506
0.0695801
0.233734
-0.257721
-0.104156
0.0652466
-0.415894
-0.247437
-0.0591736
-0.518433
-0.32608
-0.112701
-0.546936
-0.330597
-0.0951538
-0.510223
-0.278412
-0.0316162
-0.439972
-0.20639
0.0374756
-0.37854
-0.156891
0.0714417
-0.363068
-0.162018
0.0447693
-0.411438
-0.231171
-0.0430908
-0.515076
-0.346863
-0.166229
-0.640686
-0.469635
-0.280518
-0.741089
-0.551025
-0.338104
-0.770966
-0.550049
-0.303955
-0.702576
-0.447479
-0.168243
-0.536011
-0.253448
0.0491028
-0.300446
-0.00543213
0.303558
-0.045929
0.242767
0.539398
0.171783
0.437225
0.706482
0.308075
0.540405
0.775482
0.342834
0.541962
0.746124
0.285675
0.460938
0.646027
0.1716
0.338287
0.520416
0.0483704
0.222443
0.416534
-0.0397644
0.152924
0.367767
-0.066864
0.14743
0.382904
-0.0331726
0.196655
0.444153
0.0357971
0.268677
0.514465
0.0995178
0.321106
0.551483
0.117432
0.316986
0.523407
0.0643311
0.2388
0.421295
-0.0596924
0.0957947
0.263336
-0.228058
-0.0778809
0.0899353
-0.395599
-0.234039
-0.049408
-0.513397
-0.326141
-0.112396
-0.544983
-0.325104
-0.0784607
-0.479126
-0.229523
0.0438232
-0.33429
-0.0670471
0.218506
-0.153381
0.113892
0.393402
0.00946045
0.259094
0.516205
0.105682
0.3255
0.550812
0.107452
0.294525
0.488464
0.0159912
0.177185
0.349518
-0.139801
0.00976563
0.176147
-0.313507
-0.158813
0.0179443
-0.456787
-0.283325
-0.0846558
-0.535431
-0.337006
-0.113251
-0.539978
-0.31958
-0.0765991
-0.487793
-0.256104
-0.00634766
-0.41568
-0.187042
0.0551147
-0.366119
-0.153076
0.0706482
-0.371124
-0.179779
0.0223083
-0.440155
-0.267609
-0.0812683
-0.555756
-0.390778
-0.206879
-0.678497
-0.505157
-0.307343
-0.759888
-0.562897
-0.33728
-0.758942
-0.5289
-0.269012
-0.656433
-0.393341
-0.102539
-0.462433
-0.176086
0.132965
-0.214386
0.0783081
0.387512
0.033905
0.314117
0.605286
0.228516
0.481232
0.741669
0.331818
0.550293
0.77652
0.333557
0.520966
0.719452
0.252655
0.420868
0.605408
0.130066
0.295197
0.482147
0.0142212
0.191223
0.393951
-0.0552979
0.142334
0.366821
-0.060791
0.157349
0.400421
-0.0115356
0.218536
0.469391
0.0605164
0.288818
0.533142
0.113037
0.325836
0.551117
0.109039
0.297791
0.498077
0.0309753
0.195648
0.374115
-0.111908
0.0376892
0.20578
-0.285522
-0.135773
0.038208
-0.441681
-0.275238
-0.0796509
-0.533783
-0.338379
-0.111328
-0.532776
-0.304565
-0.0455933
-0.437256
-0.182434
0.0991821
-0.27478
-0.0078125
0.28009
-0.09375
0.167053
0.442993
0.0515442
0.289856
0.539276
0.118134
0.324524
0.541168
0.0873108
0.262207
0.449768
-0.0299072
0.12326
0.294006
-0.197266
-0.0501404
0.1203
-0.365784
-0.208435
-0.0230408
-0.490326
-0.311157
-0.101746
-0.544037
-0.339874
-0.106384
-0.526611
-0.303314
-0.0542297
-0.463104
-0.233154
0.0178833
-0.393982
-0.171722
0.0675049
-0.359894
-0.156189
0.062561
-0.386475
-0.204498
-0.00643921
-0.474182
-0.308105
-0.122009
-0.59729
-0.433777
-0.244751
-0.711639
-0.534302
-0.326233
-0.769409
-0.564423
-0.325378
-0.735474
-0.496277
-0.222961
-0.599915
-0.329956
-0.0290222
-0.382721
-0.0945435
0.218994
-0.128265
0.159943
0.467285
0.107666
0.377716
0.661957
0.274902
0.51416
0.765381
0.344116
0.549042
0.767181
0.314941
0.492004
0.686371
0.214935
0.37793
0.563782
0.0893555
0.254639
0.447937
-0.0146179
0.166321
0.378326
-0.0635071
0.139038
0.372772
-0.0484924
0.172577
0.421997
0.0126953
0.241455
0.494049
0.0830688
0.305176
0.546631
0.120178
0.323181
0.542694
0.0922546
0.270172
0.464691
-0.00973511
0.146179
0.321838
-0.167603
-0.0221863
0.148224
-0.341034
-0.18985
-0.00796509
-0.480499
-0.3078
-0.100159
-0.543671
-0.33963
-0.0992432
-0.509918
-0.274048
-0.0038147
-0.387787
-0.129395
0.15863
-0.213135
0.0514832
0.33963
-0.0381775
0.214355
0.485016
0.0847473
0.310669
0.551666
0.119568
0.312592
0.520935
0.057373
0.221222
0.403809
-0.0814514
0.0654602
0.236481
-0.254791
-0.108307
0.0679321
-0.413055
-0.25174
-0.0566711
-0.515808
-0.330597
-0.110443
-0.544525
-0.335327
-0.0930786
-0.507965
-0.283264
-0.0296021
-0.437775
-0.211243
0.0395203
-0.376251
-0.161621
0.0736389
-0.360596
-0.166565
0.0471497
-0.408783
-0.235535
-0.0405273
-0.512299
-0.351135
-0.163635
-0.637909
-0.473938
-0.278015
-0.738434
-0.555542
-0.335846
-0.768585
-0.55484
-0.302002
-0.7005
-0.452576
-0.166565
-0.53418
-0.258789
0.0505981
-0.298767
-0.0108337
0.305023
-0.04422
0.237427
0.540985
0.173676
0.432129
0.708313
0.310272
0.535614
0.777618
0.345306
0.537445
0.748535
0.288391
0.456635
0.64859
0.174408
0.334015
0.52298
0.0511475
0.218079
0.418976
-0.0371704
0.148376
0.370026
-0.0644226
0.1427
0.384979
-0.0309143
0.191803
0.446136
0.0380249
0.263824
0.51651
0.101837
0.316376
0.55368
0.119934
0.312439
0.525818
0.0670471
0.234467
0.423889
-0.0568237
0.0916443
0.266052
-0.225098
-0.0820313
0.0926208
-0.392731
-0.238312
-0.0469055
-0.510712
-0.330658
-0.110168
-0.542572
-0.329895
-0.0765076
-0.47702
-0.234589
0.0455627
-0.332367
-0.0722351
0.220184
-0.151459
0.108734
0.395142
0.0115051
0.25412
0.518127
0.107971
0.320801
0.55307
0.110046
0.2901
0.490967
0.0188293
0.173004
0.352173
-0.136841
0.00564575
0.178864
-0.310547
-0.162994
0.0205383
-0.453979
-0.287689
-0.0822754
-0.532867
-0.341614
-0.111084
-0.537628
-0.324371
-0.074585
-0.485535
-0.260956
-0.00439453
-0.413452
-0.191864
0.0571594
-0.363739
-0.157745
0.072876
-0.36853
-0.184235
0.0247498
-0.437408
-0.271912
-0.0787048
-0.552917
-0.39505
-0.204346
-0.67569
-0.509521
-0.304932
-0.757294
-0.567505
-0.335144
-0.756653
-0.533813
-0.267181
-0.654419
-0.398529
-0.100952
-0.460632
-0.181458
0.134399
-0.212677
0.0729065
0.388977
0.035675
0.308868
0.606934
0.230499
0.476227
0.743591
0.334137
0.545593
0.778748
0.336151
0.516541
0.721893
0.255432
0.416565
0.607971
0.132904
0.290924
0.48468
0.0169678
0.186829
0.396332
-0.0527344
0.137726
0.368988
-0.0584106
0.152588
0.402435
-0.00927734
0.213684
0.471375
0.0628052
0.283997
0.535187
0.115417
0.321167
0.553345
0.111633
0.293335
0.500549
0.033783
0.191406
0.37674
-0.108948
0.0335693
0.208466
-0.282532
-0.139923
0.040802
-0.438812
-0.279572
-0.07724
-0.531189
-0.342987
-0.109222
-0.530457
-0.309448
-0.0437622
-0.435181
-0.187531
0.100861
-0.272827
-0.0130005
0.281738
-0.0917969
0.161957
0.444763
0.0537109
0.284973
0.54129
0.120544
0.319916
0.543457
0.0899963
0.257874
0.452332
-0.0269775
0.11911
0.296692
-0.194244
-0.0542603
0.122955
-0.362854
-0.212677
-0.0205383
-0.487579
-0.315613
-0.0994568
-0.541504
-0.344543
-0.104309
-0.524261
-0.308167
-0.0522461
-0.460846
-0.238037
0.0198364
-0.391663
-0.176483
0.0695801
-0.357422
-0.160767
