0
0.000166118
0.000438963
0.000153784
0.000560821
0.00125983
0.000893335
0.00116667
0.00211355
0.00187468
0.00203733
0.00306553
0.00287473
0.00283212
0.00395833
0.00404747
0.00362114
0.0043405
0.00503333
0.00493577
0.0046302
0.00502982
0.00629916
0.00605229
0.00464951
0.00622076
0.00823516
0.00609306
0.00510173
0.00863895
0.0095346
0.00630946
0.00675021
0.011149
0.0113149
0.00715054
0.00848035
0.0150724
0.0138647
0.00707132
0.0116383
0.0212936
0.0157595
0.00653163
0.0170528
0.0309824
0.019331
0.00166663
0.0221809
0.0759904
0.120197
0.1553
0.22311
0.32068
0.397614
0.440307
0.480429
0.526607
0.554846
0.558417
0.556143
0.553705
0.536118
0.501924
0.467336
0.433881
0.390831
0.343127
0.301924
0.264543
0.226602
0.193302
0.16948
0.15318
0.141466
0.136568
0.14159
0.152921
0.166865
0.186174
0.210304
0.233908
0.256514
0.278659
0.29684
0.309459
0.316352
0.315756
0.307268
0.290698
0.265224
0.232009
0.191619
0.144079
0.0919578
0.0365057
-0.0219796
-0.0799042
-0.135275
-0.188342
-0.235762
-0.274422
-0.306502
-0.328576
-0.338537
-0.339528
-0.329161
-0.306415
-0.275575
-0.235408
-0.185954
-0.132405
-0.0743084
-0.0123621
0.0477603
0.106275
0.162488
0.210928
0.252217
0.28627
0.308409
0.320181
0.32254
0.311923
0.291007
0.261852
0.221962
0.175016
0.123934
0.0668891
0.00804012
-0.0493856
-0.107117
-0.161125
-0.208531
-0.251587
-0.286954
-0.312585
-0.331684
-0.341934
-0.342341
-0.337148
-0.325004
-0.30579
-0.284513
-0.26046
-0.233945
-0.210184
-0.188468
-0.168944
-0.156478
-0.149801
-0.148309
-0.156001
-0.170665
-0.190699
-0.219055
-0.252498
-0.288473
-0.329094
-0.370407
-0.409303
-0.44754
-0.481011
-0.506647
-0.526452
-0.53679
-0.535266
-0.524715
-0.502449
-0.467128
-0.42271
-0.367648
-0.301702
-0.22987
-0.151562
-0.0673717
0.0170544
0.101876
0.186285
0.264609
0.337192
0.403636
0.458892
0.504093
0.53977
0.561923
0.572799
0.574054
0.5628
0.542367
0.515415
0.479902
0.439834
0.398383
0.353837
0.310292
0.270768
0.233206
0.201202
0.177116
0.158059
0.146667
0.144285
0.146994
0.156414
0.172907
0.191666
0.213559
0.238365
0.260857
0.281665
0.300545
0.312471
0.318469
0.318857
0.309328
0.291781
0.267514
0.233243
0.191889
0.145764
0.0925523
0.0360539
-0.0206978
-0.0794762
-0.136125
-0.187431
-0.235193
-0.275512
-0.305661
-0.328102
-0.339739
-0.338782
-0.328754
-0.307693
-0.274938
-0.235107
-0.187288
-0.131787
-0.0740419
-0.0137588
0.0483308
0.106546
0.161133
0.211545
0.252528
0.284965
0.309105
0.320608
0.321364
0.312723
0.291503
0.260748
0.22287
0.175626
0.122895
0.067811
0.00866218
-0.0503986
-0.106189
-0.16054
-0.209597
-0.250701
-0.286409
-0.313716
-0.330885
-0.341481
-0.34356
-0.336426
-0.324609
-0.307046
-0.283821
-0.260089
-0.235213
-0.209488
-0.188088
-0.170197
-0.155749
-0.149365
-0.149501
-0.155213
-0.170165
-0.191815
-0.218194
-0.251939
-0.289549
-0.328211
-0.369851
-0.410403
-0.446682
-0.480468
-0.507766
-0.525649
-0.536344
-0.536497
-0.52401
-0.502087
-0.468448
-0.422103
-0.367373
-0.303086
-0.229322
-0.151359
-0.0688269
0.0175643
0.102077
0.184837
0.265126
0.337416
0.402242
0.459489
0.504422
0.538502
0.562644
0.573223
0.572856
0.563592
0.54287
0.514289
0.480762
0.440414
0.397331
0.354734
0.310861
0.269678
0.23406
0.201726
0.175977
0.158861
0.147135
0.143078
0.14772
0.156809
0.17164
0.192349
0.213931
0.23709
0.26154
0.282046
0.299292
0.313185
0.318885
0.317652
0.31012
0.292296
0.2664
0.234104
0.192468
0.144717
0.093471
0.0366623
-0.0217424
-0.0785667
-0.135521
-0.188474
-0.234295
-0.274961
-0.3068
-0.32731
-0.339273
-0.339997
-0.328056
-0.307334
-0.276245
-0.234479
-0.186996
-0.133166
-0.0734633
-0.0134784
0.0469614
0.107125
0.161407
0.210195
0.253177
0.285342
0.307852
0.32133
0.321818
0.311578
0.292354
0.261308
0.221789
0.176527
0.123518
0.0667881
0.0095797
-0.0497973
-0.107234
-0.15963
-0.209011
-0.251795
-0.285574
-0.313209
-0.332052
-0.340713
-0.34311
-0.337638
-0.323884
-0.306652
-0.2851
-0.259419
-0.234841
-0.210761
-0.187399
-0.169801
-0.156989
-0.148632
-0.149051
-0.156391
-0.169359
-0.191284
-0.219297
-0.25108
-0.288989
-0.329293
-0.368968
-0.409828
-0.447786
-0.479645
-0.507257
-0.526797
-0.535556
-0.536052
-0.525267
-0.501431
-0.468124
-0.42346
-0.366805
-0.302848
-0.230754
-0.150843
-0.0686202
0.0161044
0.102567
0.185042
0.263705
0.337974
0.402519
0.458136
0.505052
0.538864
0.561388
0.573959
0.573328
0.562439
0.543696
0.514833
0.479663
0.441277
0.397905
0.353657
0.31173
0.270238
0.232959
0.202573
0.176508
0.15771
0.147911
0.143535
0.146509
0.157538
0.172057
0.191094
0.214614
0.237467
0.260262
0.282729
0.299696
0.311957
0.319633
0.318122
0.308953
0.293103
0.266935
0.233009
0.193348
0.145317
0.0924257
0.0375795
-0.0211107
-0.0795881
-0.134599
-0.187865
-0.235363
-0.274099
-0.306257
-0.328451
-0.338499
-0.33956
-0.329311
-0.306662
-0.275892
-0.23581
-0.186395
-0.132866
-0.0748301
-0.0129098
0.0472281
0.105749
0.162009
0.210524
0.251869
0.286021
0.308278
0.320121
0.322571
0.31206
0.291217
0.262158
0.222364
0.175456
0.124422
0.0674251
0.00856375
-0.0488749
-0.106619
-0.160684
-0.20813
-0.251225
-0.286678
-0.312379
-0.331542
-0.341898
-0.342375
-0.337216
-0.325142
-0.305978
-0.284728
-0.260706
-0.234166
-0.210361
-0.188647
-0.169099
-0.156571
-0.149847
-0.148285
-0.155905
-0.170534
-0.190492
-0.218762
-0.252179
-0.288125
-0.328713
-0.370044
-0.408962
-0.447224
-0.48076
-0.506444
-0.526302
-0.53675
-0.535318
-0.52485
-0.502716
-0.467502
-0.42316
-0.368197
-0.302317
-0.230528
-0.152292
-0.068132
0.0162984
0.101111
0.185554
0.26394
0.336557
0.40308
0.458453
0.503739
0.539518
0.561782
0.572734
0.574092
0.562946
0.542569
0.515684
0.480245
0.440205
0.398787
0.354255
0.310653
0.271088
0.233509
0.201448
0.177307
0.158196
0.146722
0.14429
0.146955
0.156284
0.172732
0.191489
0.213351
0.238144
0.260651
0.281467
0.3004
0.312393
0.318421
0.318881
0.309456
0.29197
0.26777
0.23357
0.192255
0.146194
0.0930459
0.0365471
-0.0201981
-0.0789596
-0.135638
-0.186976
-0.234787
-0.275208
-0.305432
-0.327936
-0.339689
-0.338832
-0.328883
-0.307929
-0.275258
-0.235497
-0.18777
-0.132307
-0.0745603
-0.0143052
0.0477898
0.106045
0.160657
0.211135
0.252214
0.284719
0.308954
0.320563
0.321393
0.312864
0.291766
0.261063
0.223237
0.176068
0.123379
0.0683323
0.00919101
-0.0499118
-0.105706
-0.160055
-0.20919
-0.25037
-0.28613
-0.313517
-0.330754
-0.341417
-0.343593
-0.336512
-0.324728
-0.307238
-0.284052
-0.260317
-0.235449
-0.209698
-0.188256
-0.170357
-0.155858
-0.14939
-0.14948
-0.155133
-0.170012
-0.191617
-0.217929
-0.251612
-0.289214
-0.327852
-0.369466
-0.410058
-0.446376
-0.480192
-0.507563
-0.52551
-0.536275
-0.536552
-0.524172
-0.502342
-0.468824
-0.422561
-0.367891
-0.303705
-0.230008
-0.152074
-0.0695879
0.0167945
0.10133
0.184099
0.264444
0.336818
0.401694
0.459025
0.504067
0.538226
0.562479
0.57318
0.572885
0.563709
0.543093
0.514569
0.481095
0.440786
0.397694
0.355108
0.311248
0.270023
0.234374
0.202007
0.176167
0.15898
0.147208
0.143071
0.147658
0.156715
0.171492
0.192176
0.213741
0.236858
0.261324
0.281885
0.299156
0.313106
0.31889
0.317706
0.310242
0.292505
0.266663
0.234436
0.192866
0.145137
0.0939394
0.0371821
-0.0212298
-0.0780569
-0.135022
-0.188048
-0.233928
-0.274632
-0.306555
-0.32715
-0.339203
-0.340048
-0.328192
-0.307547
-0.276579
-0.234896
-0.187455
-0.133683
-0.0740014
-0.0140083
0.0464178
0.106612
0.160962
0.209795
0.252851
0.285113
0.307693
0.321272
0.32187
0.311697
0.292561
0.261615
0.222146
0.176946
0.124009
0.0672969
0.0101019
-0.0492702
-0.10675
-0.159171
-0.208581
-0.25145
-0.285297
-0.312988
-0.33193
-0.340667
-0.343116
-0.337729
-0.324027
-0.306818
-0.285311
-0.259642
-0.235054
-0.210987
-0.187594
-0.169937
-0.157097
-0.148677
-0.149012
-0.156312
-0.16922
-0.191067
-0.219038
-0.250768
-0.288629
-0.328943
-0.368616
-0.409471
-0.447473
-0.479369
-0.507025
-0.526672
-0.535522
-0.536093
-0.525423
-0.501688
-0.468469
-0.423918
-0.36734
-0.303439
-0.231435
-0.151575
-0.0693587
0.015344
0.101819
0.18433
0.263009
0.337344
0.401986
0.45767
0.504685
0.538622
0.561232
0.573901
0.573374
0.562553
0.543901
0.515132
0.479995
0.441645
0.398304
0.354032
0.312094
0.270598
0.233261
0.202817
0.176698
0.157815
0.147969
0.14356
0.146447
0.157414
0.171904
0.190891
0.214397
0.237267
0.260059
0.28256
0.299584
0.311875
0.319615
0.318184
0.309058
0.293286
0.267212
0.233326
0.193714
0.145754
0.0928963
0.0380853
-0.0205848
-0.0790962
-0.134129
-0.187422
-0.235001
-0.273797
-0.30601
-0.328319
-0.338464
-0.339594
-0.329451
-0.3069
-0.276213
-0.236228
-0.186866
-0.133366
-0.0753767
-0.0134501
0.0467233
0.105241
0.161536
0.210131
0.251529
0.285753
0.30811
0.320047
0.32262
0.31222
0.291428
0.26245
0.222762
0.175899
0.124899
0.0679361
0.00907257
-0.0483524
-0.106095
-0.160226
-0.207724
-0.250857
-0.2864
-0.312182
-0.331414
-0.341866
-0.342406
-0.337297
-0.325302
-0.306169
-0.284914
-0.260926
-0.234402
-0.210581
-0.188859
-0.169254
-0.156652
-0.149895
-0.148266
-0.155788
-0.170361
-0.190263
-0.218473
-0.251867
-0.287771
-0.328328
-0.369694
-0.408627
-0.446889
-0.480484
-0.506232
-0.526156
-0.536715
-0.53538
-0.525001
-0.502989
-0.467865
-0.423595
-0.368735
-0.302922
-0.231175
-0.153011
-0.0688842
0.0155556
0.100357
0.184825
0.263271
0.335936
0.40254
0.458006
0.503358
0.539251
0.561649
0.57268
0.574131
0.563094
0.54278
0.515958
0.480577
0.440549
0.399163
0.354662
0.31103
0.271439
0.233836
0.201704
0.177508
0.158345
0.146772
0.144274
0.146906
0.156172
0.172576
0.191311
0.213137
0.237947
0.260491
0.2813
0.300259
0.312317
0.318389
0.318921
0.309584
0.292155
0.268038
0.233925
0.192643
0.146632
0.0935429
0.0370499
-0.0196842
-0.0784353
-0.13516
-0.186542
-0.234393
-0.274898
-0.305198
-0.327783
