0
0.000152588
0.000427246
9.15527e-005
0.000488281
0.00115967
0.000762939
0.0010376
0.00192261
0.00167847
0.00180054
0.00280762
0.00256348
0.00256348
0.00363159
0.00369263
0.0032959
0.00402832
0.00466919
0.0045166
0.00418091
0.00454712
0.00585938
0.00564575
0.00421143
0.00570679
0.00772095
0.00552368
0.00460815
0.00802612
0.00897217
0.00570679
0.00616455
0.0105591
0.0106812
0.00640869
0.00769043
0.0143433
0.0130615
0.00622559
0.0109253
0.0205688
0.0149231
0.00570679
0.0162048
0.0300598
0.0184326
0.000762939
0.0211792
0.0751343
0.119202
0.154205
0.222137
0.319733
0.396637
0.43924
0.479462
0.525635
0.553772
0.557526
0.555023
0.552704
0.535004
0.500702
0.466217
0.432739
0.389648
0.34201
0.30069
0.263245
0.225494
0.191895
0.168152
0.151733
0.140259
0.135254
0.140015
0.151581
0.165436
0.184875
0.209015
0.232513
0.255005
0.277344
0.29538
0.307983
0.31485
0.31427
0.305817
0.289215
0.263794
0.23056
0.189972
0.142426
0.0904541
0.0348511
-0.0236206
-0.0815735
-0.13678
-0.189941
-0.237518
-0.27597
-0.308167
-0.330109
-0.340302
-0.341217
-0.33075
-0.307953
-0.277222
-0.236938
-0.187439
-0.133881
-0.0757446
-0.0137634
0.0463257
0.104828
0.161133
0.209503
0.250763
0.28479
0.306946
0.318878
0.321045
0.310516
0.289612
0.260284
0.220367
0.173584
0.122498
0.0654297
0.00662231
-0.0509033
-0.108612
-0.162689
-0.20993
-0.253113
-0.288391
-0.313873
-0.333099
-0.343475
-0.343689
-0.338501
-0.326447
-0.307159
-0.285919
-0.262024
-0.235382
-0.211578
-0.189911
-0.170441
-0.157867
-0.151184
-0.149567
-0.15741
-0.17215
-0.192291
-0.220703
-0.253967
-0.290039
-0.330536
-0.371887
-0.410797
-0.448944
-0.482452
-0.508209
-0.528076
-0.538361
-0.536835
-0.526215
-0.50412
-0.46875
-0.424286
-0.369232
-0.303284
-0.231445
-0.153046
-0.0689697
0.0157471
0.100372
0.184814
0.263062
0.335632
0.4021
0.457458
0.502625
0.538239
0.560455
0.571442
0.57251
0.561279
0.540771
0.513916
0.478302
0.438263
0.396851
0.352295
0.308777
0.269135
0.231537
0.199524
0.175568
0.156372
0.145081
0.1427
0.145386
0.154877
0.171265
0.190155
0.211975
0.236633
0.259155
0.28006
0.298798
0.310822
0.316925
0.317352
0.307709
0.29007
0.265869
0.231659
0.190186
0.144135
0.0910339
0.0345154
-0.0222473
-0.0811768
-0.137939
-0.188995
-0.23703
-0.2771
-0.307281
-0.329742
-0.341278
-0.340454
-0.330414
-0.309265
-0.276672
-0.236725
-0.188843
-0.13327
-0.0758057
-0.0152588
0.0468445
0.105164
0.159576
0.210114
0.251038
0.283417
0.307587
0.319214
0.319824
0.311371
0.290039
0.259277
0.221497
0.174377
0.121552
0.0664368
0.00717163
-0.0517883
-0.107697
-0.161926
-0.211029
-0.252319
-0.287903
-0.315125
-0.332306
-0.342926
-0.345062
-0.337738
-0.325989
-0.308441
-0.285095
-0.261566
-0.236542
-0.210968
-0.189331
-0.171661
-0.157257
-0.150726
-0.150909
-0.156769
-0.171631
-0.193237
-0.219666
-0.253448
-0.290924
-0.329559
-0.371307
-0.411835
-0.448334
-0.481873
-0.509308
-0.527161
-0.537903
-0.537994
-0.525421
-0.503693
-0.470032
-0.423553
-0.368927
-0.304657
-0.230804
-0.152924
-0.0704041
0.0161133
0.100739
0.183411
0.263672
0.335938
0.400635
0.457947
0.50293
0.537048
0.561127
0.571808
0.57132
0.562134
0.541229
0.512726
0.479248
0.43866
0.395813
0.353119
0.309326
0.267822
0.232391
0.200104
0.174316
0.157135
0.145599
0.141541
0.146118
0.155151
0.169983
0.190643
0.212341
0.235596
0.259949
0.280457
0.297699
0.311371
0.317291
0.315918
0.308594
0.29071
0.264771
0.232483
0.190826
0.143158
0.0916748
0.0350037
-0.0233765
-0.0802002
-0.137085
-0.190125
-0.235901
-0.276703
-0.308533
-0.328918
-0.340851
-0.341644
-0.329529
-0.309052
-0.277863
-0.236145
-0.188477
-0.134796
-0.0749207
-0.0150146
0.0455627
0.105652
0.159973
0.208649
0.251617
0.283905
0.306335
0.319824
0.320221
0.310089
0.290771
0.259827
0.220184
0.175232
0.122131
0.0653992
0.00817871
-0.0513306
-0.108643
-0.161041
-0.210388
-0.253235
-0.287018
-0.314606
-0.333374
-0.342163
-0.344574
-0.33905
-0.325348
-0.308014
-0.286499
-0.260773
-0.236267
-0.21225
-0.188873
-0.171295
-0.158356
-0.150085
-0.150421
-0.157806
-0.171051
-0.19281
-0.220764
-0.252533
-0.290497
-0.330902
-0.370453
-0.411255
-0.44928
-0.481232
-0.508759
-0.528351
-0.536987
-0.537598
-0.526733
-0.50296
-0.469727
-0.424866
-0.368378
-0.30423
-0.23233
-0.152405
-0.0701599
0.0145874
0.100983
0.183594
0.262238
0.336456
0.401245
0.456696
0.503662
0.537354
0.559814
0.57251
0.571808
0.561005
0.542267
0.513275
0.478088
0.439819
0.396271
0.352173
0.31012
0.268585
0.231323
0.201019
0.174835
0.156158
0.14621
0.141968
0.144897
0.155975
0.17041
0.189423
0.212982
0.235992
0.258667
0.281097
0.298126
0.310303
0.317963
0.316681
0.307312
0.291473
0.265228
0.231323
0.191772
0.143677
0.0908203
0.0358887
-0.0227356
-0.0812988
-0.136139
-0.189514
-0.236969
-0.275665
-0.308014
-0.330017
-0.34024
-0.341278
-0.330902
-0.308197
-0.277588
-0.237366
-0.187958
-0.134369
-0.0763245
-0.0144043
0.0456543
0.104309
0.160645
0.209198
0.250458
0.284698
0.306824
0.318848
0.321198
0.310547
0.289764
0.26062
0.220947
0.174072
0.123047
0.0659485
0.00701904
-0.0502319
-0.108093
-0.162292
-0.209595
-0.252747
-0.288055
-0.313599
-0.332886
-0.343323
-0.343811
-0.338806
-0.326599
-0.307526
-0.286163
-0.262146
-0.235596
-0.211823
-0.190247
-0.170502
-0.157928
-0.151215
-0.149536
-0.157318
-0.171967
-0.192017
-0.220306
-0.253662
-0.289734
-0.330353
-0.371643
-0.4104
-0.4487
-0.482361
-0.508057
-0.527802
-0.538269
-0.536774
-0.526337
-0.504364
-0.469177
-0.424805
-0.369873
-0.303955
-0.232086
-0.153717
-0.0695801
0.0146484
0.0996094
0.18396
0.262543
0.335205
0.401459
0.45694
0.502319
0.537933
0.560181
0.571289
0.57254
0.561523
0.541046
0.514191
0.478729
0.438629
0.397308
0.3526
0.309052
0.269409
0.231812
0.199921
0.175751
0.156769
0.145172
0.1427
0.145325
0.154785
0.171112
0.189911
0.211731
0.236511
0.259033
0.279785
0.298767
0.310822
0.316772
0.317322
0.307678
0.290344
0.266113
0.231873
0.190704
0.144531
0.0913696
0.0350342
-0.0217896
-0.0805054
-0.13736
-0.18869
-0.236359
-0.276764
-0.307068
-0.329651
-0.341309
-0.340393
-0.330536
-0.30957
-0.276794
-0.237122
-0.189362
-0.133972
-0.0762634
-0.0158997
0.0462952
0.104584
0.159149
0.209839
0.25061
0.283203
0.307434
0.319122
0.319824
0.311432
0.290314
0.259583
0.221832
0.174622
0.121918
0.0668945
0.00762939
-0.0513306
-0.107086
-0.161377
-0.210541
-0.251831
-0.287506
-0.315063
-0.332184
-0.342926
-0.345062
-0.337738
-0.325928
-0.308533
-0.285309
-0.261566
-0.236938
-0.21106
-0.189697
-0.171692
-0.157349
-0.150848
-0.150787
-0.156616
-0.171631
-0.193207
-0.219604
-0.253052
-0.290588
-0.329376
-0.37085
-0.411438
-0.447968
-0.481659
-0.508942
-0.526947
-0.53775
-0.538086
-0.525787
-0.503693
-0.470245
-0.42392
-0.369507
-0.305206
-0.231445
-0.153442
-0.0711975
0.0153809
0.099884
0.182678
0.262848
0.335236
0.400055
0.457581
0.502594
0.536835
0.561127
0.571655
0.571381
0.562164
0.541595
0.512939
0.47937
0.439178
0.396118
0.353455
0.309753
0.268494
0.232635
0.20047
0.174561
0.157318
0.145691
0.141479
0.146027
0.155212
0.169952
0.19046
0.212097
0.235291
0.259613
0.280273
0.297699
0.311554
0.317169
0.316101
0.308563
0.290985
0.265076
0.23288
0.191162
0.143616
0.0922241
0.0355225
-0.0229492
-0.0796509
-0.136658
-0.189636
-0.235535
-0.276276
-0.308197
-0.328705
-0.340729
-0.341675
-0.329651
-0.309448
-0.27832
-0.23642
-0.188995
-0.135223
-0.0755615
-0.0154419
0.0447998
0.105072
0.159546
0.208374
0.251282
0.2836
0.306183
0.319885
0.320343
0.310394
0.291138
0.260223
0.220795
0.175537
0.122589
0.0660706
0.00863647
-0.0507812
-0.108215
-0.160522
-0.209961
-0.252838
-0.286682
-0.314514
-0.333405
-0.34201
-0.344513
-0.339325
-0.325409
-0.308167
-0.286774
-0.260925
-0.236359
-0.212494
-0.189056
-0.171417
-0.158661
-0.150238
-0.150299
-0.157776
-0.170715
-0.192474
-0.220551
-0.252228
-0.290009
-0.330444
-0.3703
-0.411194
-0.449005
-0.480927
-0.508636
-0.52829
-0.53714
-0.537598
-0.526978
-0.503174
-0.470001
-0.425293
-0.368866
-0.304962
-0.232971
-0.153137
-0.0709229
0.0138245
0.100403
0.1828
0.261505
0.335876
0.400391
0.456177
0.503174
0.537079
0.559723
0.572418
0.571808
0.561066
0.542297
0.513458
0.478394
0.440094
0.396729
0.352539
0.310638
0.268951
0.231842
0.201263
0.175049
0.156219
0.146179
0.141998
0.144745
0.155731
0.170319
0.189301
0.21283
0.235687
0.258362
0.280975
0.297943
0.310181
0.317932
0.316589
0.307526
0.291718
0.265503
0.231659
0.192139
0.144165
0.0914001
0.036499
-0.0222168
-0.0807495
-0.135681
-0.188965
-0.236511
-0.275391
-0.307617
-0.329803
-0.340271
-0.341309
-0.331116
-0.308533
-0.277771
-0.237885
-0.188416
-0.135071
-0.0769653
-0.014801
0.0451355
0.103821
0.160187
0.208801
0.250031
0.28418
0.306519
0.318604
0.321198
0.310791
0.289978
0.260986
0.221161
0.174408
0.123474
0.0664978
0.00765991
-0.0497742
-0.107544
-0.161835
-0.209045
-0.252319
-0.287811
-0.313507
-0.332764
-0.343231
-0.343872
-0.338776
-0.326721
-0.307587
-0.286255
-0.262482
-0.235962
-0.212006
-0.190277
-0.170746
-0.157959
-0.151459
-0.149567
-0.157135
-0.171753
-0.19165
-0.219849
-0.253571
-0.289307
-0.329834
-0.371246
-0.410095
-0.448364
-0.482025
-0.507751
-0.527863
-0.538177
-0.536865
-0.526489
-0.504608
-0.46933
-0.425293
-0.370209
-0.304382
-0.232697
-0.154602
-0.0702515
0.0141296
0.0988159
0.183411
0.26181
0.334656
0.401031
0.456543
0.501953
0.537811
0.56012
0.571259
0.57254
0.561584
0.54126
0.514648
0.478973
0.438934
0.397736
0.352905
0.309479
0.269745
0.232239
0.200226
0.175934
0.156677
0.145325
0.142761
0.145172
0.154694
0.170898
0.189758
0.211578
0.236481
0.258911
0.27951
0.298767
0.310699
0.316681
0.3172
0.308014
0.290466
0.266327
0.232361
0.19101
0.144958
0.0918579
0.0355835
-0.0213928
-0.0800171
-0.136932
-0.188324
-0.235992
-0.276367
-0.306854
-0.329407
